 x         yt          y       pred      
100   33.20418   33.14269   33.09845
110   42.76160   42.69237   42.70840
120   53.43087   53.37345   53.40986
130   65.20711   65.13426   65.20137
140   78.08563   78.14743   78.08459
150   92.06188   92.02897   92.05909
160  107.13145  107.12636  107.12084
170  123.29005  123.26571  123.27320
180  140.53351  140.52200  140.51459
190  158.85773  158.85228  158.83355
200  178.25872  178.16609  178.23613
210  198.73255  198.77873  198.72225
220  220.27534  220.25010  220.27129
230  242.88329  242.89348  242.89068
240  266.55261  266.54112  266.57117
250  291.27954  291.37102  291.30428
260  317.06036  317.06099  317.08915
270  343.89133  343.89418  343.91788
280  371.76874  371.83636  371.79609
290  400.68885  400.68258  400.70987
300  430.64792  430.69047  430.66310
310  461.64217  461.65421  461.65791
320  493.66781  493.63800  493.67778
330  526.72101  526.73634  526.72403
340  560.79787  560.81987  560.79960
350  595.89449  595.89490  595.89048
360  632.00687  632.02204  632.00253
370  669.13099  669.10657  669.12874
380  707.26274  707.21450  707.26915
390  746.39796  746.42178  746.41315
400  786.53242  786.58694  786.55103
410  827.66180  827.74941  827.69188
420  869.78174  869.77501  869.81446
430  912.88776  912.89683  912.92176
440  956.97535  956.98581  957.01649
450 1002.03988 1002.09584 1002.07703
460 1048.07667 1048.11660 1048.10560
470 1095.08093 1095.16733 1095.10685
480 1143.04783 1143.04919 1143.06281
490 1191.97242 1191.94896 1191.97561
500 1241.84970 1241.82289 1241.84852
510 1292.67459 1292.63121 1292.66518
520 1344.44193 1344.47822 1344.43576
530 1397.14649 1397.18922 1397.15834
540 1450.78298 1450.77303 1450.79835
550 1505.34603 1505.35741 1505.35028
560 1560.83022 1560.85111 1560.82663
570 1617.230   1617.278   1617.220
580 1674.540   1674.569   1674.529
590 1732.755   1732.762   1732.756
600 1791.868   1791.852   1791.902
